2.282147012699564659e-01
7.696954196164917938e-02
8.015456956499844576e-01
8.015554046909227903e-01
8.577216962481842844e-01
2.899040778806278862e-01
6.032134189045540440e-01
9.055116626191579421e-01
1.347789221853475938e-01
8.951642916970077302e-01
1.112314022171631001e-01
6.059656806911379867e-01
1.984572503069381710e-03
5.793004901337107659e-01
8.532994904814554804e-01
4.685557050467918927e-01
6.207248589203510081e-01
8.439841003192205537e-01
7.473005923115855209e-01
7.229287152510823766e-01
3.723630597034186529e-01
8.602480647790217150e-01
8.066333129559718484e-01
5.697094681913852376e-01
7.741564286668964900e-01
5.574419832617463211e-01
5.842257302457445345e-01
9.290398652812129621e-01
1.726581744953100683e-01
5.521978194446601762e-01
7.792766927450245351e-01
6.907015817387955892e-01
7.868606970462279637e-01
4.544261045830348955e-01
9.091746949931814870e-01
4.198654065698448346e-02
7.110918388791479527e-01
5.305888749226626011e-01
2.351994969063859742e-01
6.048499026426000791e-01
6.232522815103398450e-01
1.064225187257228367e-02
9.790418495511814534e-01
4.232419357729237941e-01
4.186907425776481562e-01
1.004446874309516957e-02
7.595801892423315049e-02
5.175055050455684702e-01
2.091925598971589029e-01
9.747909530264211586e-01
2.099012162986196861e-01
5.595381540387895924e-01
4.031730222426055388e-01
9.810260918494808635e-01
1.721989298324634321e-01
8.221749466603114342e-01
5.630505134973149417e-01
3.608966823815058511e-01
1.667629010757191166e-01
7.290001965835868347e-01
5.652526100559714939e-01
1.512474809330756065e-01
6.815846548845048147e-01
8.270642346903340769e-01
7.956147165601433757e-01
8.425997562490600279e-01
9.418300630935352302e-01
8.652996816658090617e-01
5.159508584241867535e-02
6.001478388607321968e-01
7.843549301120759099e-01
8.703135087789327651e-01
7.817499803131346958e-01
5.679716091794461130e-01
5.396575150219528050e-01
1.007652369662326297e-02
9.035001105671349730e-01
8.314016041319750583e-01
9.810724788569643584e-01
1.808505189105596989e-01
1.908482555554856797e-01
4.732319076920871170e-01
4.991370037930681347e-01
4.657599348585110821e-01
4.014056531690627372e-01
4.703912122909900129e-01
9.355541318185478517e-02
3.872156940009763293e-01
9.383174588867536636e-01
5.560441436306333696e-01
5.734966930124439921e-01
3.193223380158335400e-01
4.681334561855408083e-01
3.931691513378092750e-01
3.168896624193340283e-02
4.725283837176611490e-01
4.403953167730834117e-02
1.241701478485239818e-01
6.818715281943018569e-01
3.184912707589857561e-01
4.125919246170937082e-01
9.162239932496033523e-01
8.515533688251907263e-01
4.500743761033413337e-01
2.048016209317634617e-01
4.153497275874995509e-02
4.333875123458094114e-01
3.263419284395963071e-01
9.085494647916064759e-01
3.136096953137950116e-01
4.598833454951333222e-01
9.375858614801324542e-01
9.433652133498425796e-01
7.842572462995125449e-01
5.597959337284811321e-01
6.841368636604795439e-01
8.198040704798156275e-01
8.624042236996151134e-01
8.028139904257013404e-01
2.102462366679718198e-01
3.684158931171431783e-01
4.905929767337829928e-01
7.907945677958194697e-01
5.982025225337305185e-01
4.226149934005727360e-01
4.874564235454670325e-02
7.857404157204621598e-01
4.112575929239034034e-01
1.061620213602996188e-01
6.829032112069162164e-01
3.200690517982796024e-02
9.750806301541681265e-04
3.095338126954394475e-01
5.763002617139304506e-01
9.730933146318163640e-01
5.728160795990933085e-01
6.527190633358912475e-01
8.672369459673230363e-01
5.088504352552978283e-01
5.902913190550843625e-01
7.510852405642095553e-01
2.818329626515879704e-01
2.733846339377676848e-03
1.423226094428908794e-03
4.120565389741772666e-01
8.883626236745620908e-01
5.553969859181961954e-02
1.325408911531000822e-01
9.556692452459129017e-01
9.112228105940523015e-02
9.791084052580661945e-01
6.191442941312126358e-01
6.496593513447725954e-01
4.479793566914623826e-01
9.697370628564367934e-01
3.172668791750066219e-02
5.658038718335274275e-01
8.652264048023089460e-01
6.222092959053165950e-01
4.060874376194435476e-01
