8.729851035492816047e-01
3.091182277833730563e-01
6.816619493464658452e-01
7.710956537318151005e-01
2.435279649037809246e-01
6.248017925436055720e-03
7.115823208807485756e-01
5.583214572490678984e-01
2.311435080897251693e-01
2.787578949512425908e-03
7.471903119739703447e-01
1.069025373401893964e-01
6.623457345187395706e-01
3.067613869117769010e-02
8.912752613795054124e-01
9.873227436688624126e-01
3.703827824938848989e-01
8.161376332000290779e-01
5.706451175124548358e-01
5.844611671343061809e-01
