9.416171357323553925e-01
6.516355302301579666e-02
2.481682482900308129e-01
4.829869250945463266e-01
2.775673071781314949e-01
5.561019077425679580e-01
4.915323862378617736e-01
8.900094807502629823e-01
8.438031055217589671e-01
4.106652093720897234e-01
2.181124526904173466e-01
9.129544830347515738e-01
7.012325122617173445e-01
9.965185358159982520e-01
1.319747888211199038e-01
7.007583986258504316e-01
1.830072946583678473e-01
6.867975629439417862e-01
6.999096192027438601e-01
1.041103344534635156e-01
6.490801251362730007e-01
9.970554791441709197e-01
9.316906693913658000e-01
9.289525541829881661e-01
5.772774212735933830e-01
5.420504174086825389e-01
1.081697119456714873e-02
5.105319996770640856e-02
9.690508691947359310e-01
8.798539094187174392e-02
1.747307473787109711e-01
3.038557780108986917e-01
3.526477933615302929e-01
3.151756995690436769e-01
3.723681757410148840e-01
7.189350683381234841e-02
7.246791820294522513e-01
2.859474322642721056e-01
7.822886692659373198e-01
2.522172321824732721e-01
8.963218378253862140e-01
5.855893664393073683e-01
2.260654072653262014e-01
6.386588178593352039e-01
7.098143271225887396e-02
7.168018491845744578e-01
8.394408514737259353e-01
6.714889321672663502e-01
9.882732826166706896e-01
9.446587210956193248e-01
8.981723867858810717e-01
4.294931065315976682e-02
7.976844731119895338e-01
5.716056001537086484e-01
7.098921683927876813e-01
4.865977383149610036e-01
2.481148572900158111e-01
5.767863372128955168e-01
6.566859680235852537e-01
8.039340117694545595e-01
3.986336868411272105e-01
6.074813202278366298e-01
5.105093752667431151e-01
7.343896544177650476e-01
1.309949583329862444e-01
7.955793346681105938e-02
9.793671291592430661e-01
1.563243055169227791e-01
8.712624475913887112e-01
8.873666624465899044e-01
2.500490237993193698e-01
3.216420729316944449e-01
5.654004322649397452e-01
6.688507236537538647e-01
2.033253571092631384e-01
5.711153414887473190e-01
4.731081888387320689e-01
9.523132722556488794e-01
8.677114017419058634e-01
8.786160249093478702e-01
3.290295806154414082e-01
5.826286676775086493e-01
5.330219170657864991e-01
8.577639260196554538e-01
8.087107126613618524e-01
1.756884210650845324e-01
8.228548171251550691e-01
7.423522216028616283e-01
5.221850910614945773e-01
7.443046493973485278e-01
3.063893724753663506e-01
9.808058880070542607e-01
4.031839364192946196e-01
4.634487542597665044e-02
7.191943475435929045e-01
2.909070737132446460e-01
1.817109789694093536e-02
7.335796216582711748e-01
4.167014270760502903e-01
4.507933271830546484e-01
6.915167382909972460e-01
5.636754585090557601e-01
3.389466872338109393e-01
5.018605301361267479e-02
4.749160623330584974e-01
1.517763123436275396e-01
8.713913864850003632e-01
5.687319258595374682e-01
2.092707860449536383e-01
4.283302554549800467e-01
7.957424612556518451e-01
3.889487397746960173e-02
3.993004713353043300e-01
3.610293477334436396e-03
6.280884281588106077e-01
1.913511888149771467e-01
6.134921828789664522e-01
2.332505795860080333e-01
3.315820585991759994e-01
8.323394514393598342e-01
2.794734965556516793e-01
6.313387293262957556e-01
2.056553961712468404e-01
5.307577763814746996e-01
2.833029190850345769e-01
8.036410212340415748e-01
1.884681379096210252e-01
1.134958106253092236e-02
2.638093761787940750e-01
2.945713353911383336e-01
8.296028901169467673e-01
6.959059783722700843e-01
3.531634166660402308e-02
2.275821642324290517e-01
2.064618567536418148e-01
7.935308709551532891e-01
8.728442974125427689e-01
2.294386286953774556e-01
6.101413636330432766e-03
1.074390803058495880e-01
6.762690127758382852e-01
7.215098768494440096e-01
3.827282673056739970e-01
7.058852643020443463e-01
9.387506149335888006e-01
2.414740577015095369e-01
6.015826404894477619e-01
1.818742915177544717e-01
5.307310472904781529e-01
7.845534050050976260e-01
8.068248222172286210e-01
5.943261073534903405e-01
7.048411247718545658e-01
3.443026260581150133e-02
8.687811857227898393e-01
6.011291839453196673e-01
8.665438411553844089e-01
5.814225059468637324e-01
7.615825212676798905e-01
8.264018229964309459e-01
3.510251124594264693e-01
2.041912144928661466e-01
5.830854858521842266e-01
2.777144097409813828e-01
1.785703751707722331e-01
3.758395795862181643e-01
7.692457016907643386e-01
5.878199406915076697e-01
9.643650634652002340e-01
1.971630099569200434e-01
9.018386511747615852e-01
4.673626867254253581e-01
6.649260451203704569e-01
7.719825973892654458e-01
7.260283853139252175e-01
9.545115165063067231e-03
5.574120591606179786e-02
8.854956382371288459e-01
6.717547823913539995e-01
9.754609527437845262e-01
4.808472674542305647e-01
1.793719225702211650e-01
5.591318612750175721e-01
2.872158612027843061e-01
6.519954906034290953e-01
8.269985959920334029e-02
6.884817184759228770e-02
8.604064816986761732e-01
6.774281327792879281e-01
5.006641464654686402e-01
2.157593357565937842e-01
6.218463398627802619e-01
7.700459171036980743e-01
3.442526934360230495e-01
2.190160103747981202e-01
4.646537807991200086e-01
7.806940885445390332e-01
8.609618653128109367e-01
7.506354721455449353e-01
5.239934939726496044e-01
3.295784646001600482e-01
4.437593250254781019e-01
3.451671426415229282e-01
3.826315765261334434e-02
9.154531556413049165e-01
5.083113446980929151e-01
1.604176141860266247e-01
4.408911888695983272e-01
1.669695322223300193e-01
7.657724495136889464e-01
2.811701956090116861e-01
8.798083654896265982e-01
4.987212510148008038e-01
5.259111138459893198e-02
5.922194115400715164e-01
8.448374759835836079e-01
2.838991360008157327e-01
5.105077966154746294e-01
8.012422651018785702e-01
7.869772191530108874e-01
3.951065082450245791e-01
7.629101933773915212e-01
7.198518156828089820e-01
3.927084634900841476e-01
6.975031107082557691e-01
7.880356313310761252e-01
5.833797043871002952e-01
4.682137469225051696e-01
6.192098102290642947e-01
5.053608713107193839e-02
6.934052918833302215e-01
2.477192470752521691e-01
8.450980187637940899e-01
9.765567089989276583e-01
1.129316979634492624e-01
4.479782065101727273e-01
9.914265617319673041e-03
2.901665194278808535e-01
5.616163395880430231e-01
4.764495228658391923e-01
9.740897839073607845e-01
8.757499923829079602e-01
3.095501573933531203e-01
1.842605350158854627e-01
1.887324335689821719e-02
5.749298917966012556e-01
9.989334422938589420e-03
6.779738564247740351e-01
8.361806177390151973e-02
6.944010790220802587e-01
9.361274345443200140e-01
5.115980808766676935e-01
2.732561915752169668e-01
6.583702554139306828e-01
3.576211174443510998e-02
9.083465268100573420e-01
7.493461377201893203e-02
2.731754168615040390e-01
5.511006429669184081e-01
2.610524303307892868e-01
1.529113812246112314e-01
4.425667435600955102e-01
5.437408704632173961e-02
2.773059474471512020e-01
7.693294020428049773e-01
4.056167716235936638e-01
6.272011892045645798e-01
1.501410345116269696e-01
9.049431448087480456e-01
5.970352060759801516e-01
1.180082422855182056e-01
4.104009079950055039e-01
6.531435235696121389e-01
3.349919810319582636e-01
2.846976371099443348e-01
7.191321439966685825e-01
2.044186288140980023e-01
1.065019154032115223e-01
2.991034237869616419e-02
9.757991941053173468e-01
8.718105692139814789e-01
3.235069437909937617e-01
4.601612153652967496e-01
5.769699546246251920e-01
3.686247185025428585e-01
8.775066306782445258e-01
7.567673617794478114e-01
2.341105909402971808e-01
2.934180232495440244e-01
9.676445226981612580e-01
2.622153383993309772e-01
9.924790648465209308e-02
5.480905919827488981e-01
8.624175402011989844e-01
3.556039406808931824e-01
6.910516590766913048e-01
9.354999266064978336e-02
3.615040492571601760e-01
6.011477165816224710e-01
2.354943154130054728e-01
2.190203073860947924e-01
2.511900640543711649e-01
9.954986862594461527e-01
9.186745744531018554e-01
5.759069972337602650e-01
6.252201126125807029e-01
6.139234372007619234e-01
7.214359432019133989e-01
7.211585898743319012e-01
9.891403081794001295e-01
1.494362601109410216e-01
5.949610012838305595e-01
7.343976938500736962e-01
8.000374369680932629e-01
7.010327664415627602e-01
8.349578055700802581e-01
3.363842919955047917e-01
5.861159448237951430e-01
9.497416162514560334e-01
9.756097547498726597e-01
