6.732500351015595630e-01
1.463802061103690599e-01
1.537078747408183732e-01
5.500797840434811237e-01
5.594454055652806623e-01
1.673305869351082720e-01
4.698681528811485819e-01
2.877557090206172008e-01
2.582172422198788508e-01
2.145687731663704634e-01
8.783105552161457608e-01
1.970749782926488614e-01
6.685031383756587786e-01
6.761027868590672174e-01
9.273418645043318698e-01
8.230037900450288824e-01
8.810930552482452160e-01
6.128656396725885580e-01
4.715563817867177709e-01
1.945433513323292507e-01
6.217605743735018509e-01
5.428074648908419730e-01
9.119594780793344180e-01
5.578438975889905560e-01
7.634465714797724623e-01
2.968104895315810676e-01
9.857248492672386897e-01
9.607038883079467295e-01
4.612903273270207993e-01
4.680431651634930912e-01
7.727732891680414440e-01
7.042420491371532698e-01
9.269345340150656476e-01
7.359528588371012647e-01
5.810699257619655889e-01
9.965576411776774224e-01
4.764455937545897246e-02
3.551295628550529271e-01
3.379150265156325439e-01
3.315426364780419410e-01
8.018554271736235695e-01
8.831356234846354791e-02
5.770767125054816482e-01
9.764842290334503350e-01
2.234314229524436701e-02
9.254101005156478710e-01
8.434707980027232876e-01
8.828008389231013497e-01
7.123075966009100313e-01
9.208321047499233858e-01
6.204085899984914665e-01
4.487753246546779540e-01
2.293022602536399779e-01
9.585658890577328783e-01
7.751408880222839803e-01
8.662796558063429186e-01
8.540817021070282733e-01
3.147904774454930443e-01
1.742309708001398283e-01
2.255785332860131831e-01
2.058302378748969597e-01
8.800009571832351218e-01
8.793997842992060665e-01
3.660687553222825574e-01
6.097317295905895218e-01
1.381695220707190863e-02
2.832416557596512119e-01
8.754035681381125977e-01
1.591497758279991626e-01
3.407575106159514977e-01
3.234089789631009459e-01
1.323360821233131590e-01
8.548480510842358937e-01
4.192374434951244844e-01
3.103385563197034180e-01
9.970575928359370899e-01
5.121011790259206720e-01
7.852688034382462323e-01
4.755627260198684869e-01
1.158375194742320424e-01
