1.655860894124092653e+01
1.459312508495669469e+01
2.450383090644541539e+01
3.768625316433956840e+01
3.347637053042794975e+01
4.174443429036384146e+01
3.013973173568674824e+01
1.512549458103216793e+01
1.631961045887500816e+01
2.323885960497529624e+01
3.953976198093787531e+01
2.761166516132420767e+01
2.482644318665431982e+01
2.584215665280414598e+01
1.930724282237781964e+01
3.852051277780574878e+01
5.055037040255914604e+01
5.260936147070498237e+01
2.040041110734737018e+01
1.161963522120003134e+01
3.120353810313284271e+01
2.575260321635513350e+01
1.884994105928588226e+01
1.370688701515001284e+01
2.870815707052918242e+01
3.062148690001497187e+01
2.498982741469141189e+01
2.468487406807528117e+01
1.622261033809057196e+01
1.761540489599233439e+01
1.129969513840172368e+01
2.107855202409523088e+01
2.516409487242355780e+01
1.286864163433840069e+01
2.368284773046439895e+01
3.272280653384564175e+01
2.315052852160048502e+01
1.903137915187267382e+01
1.735719616223471462e+01
1.243125631745599691e+01
5.229338399027861684e+00
1.364204760259710270e+01
1.735368672411988911e+01
2.871707619806998579e+01
2.950122173815743309e+01
2.941951595376336215e+01
2.046789392088177806e+01
3.600603808950836537e+01
2.206049733611019548e+01
2.203477974661165817e+01
8.954458100158266376e+00
1.308207714673010358e+01
1.443904493498589048e+01
2.467002784831849738e+01
1.854538894815873107e+01
1.834307599329325100e+01
2.432977563408073962e+01
2.871495800119699027e+01
1.903653345393812657e+01
3.928172568757165095e+01
1.668581319274449370e+01
1.016275007623877258e+01
1.725100378912931021e+01
2.096528449343849942e+01
1.811714469884534751e+01
9.379455348574735396e+00
8.688974851708366032e+00
2.086473466123679898e+01
1.591631902932464016e+01
3.500937892041258692e+01
1.944984429436659923e+01
1.402836723217540005e+01
1.736351957970515869e+01
2.156159971489465121e+01
1.198984178132636558e+01
6.952537883272317032e+00
1.125995573946877037e+01
2.198624496576761800e+01
1.362295976459427749e+01
2.372408061865076689e+01
2.729619629587689289e+01
4.189997560914142838e+01
3.578846734961317821e+01
1.046851167369160862e+01
1.391711979583420522e+01
2.583365089798623515e+01
1.944190986550442091e+01
2.381649209745521745e+01
1.675099641866410849e+01
1.281759999159103103e+01
3.328348407018938815e+01
1.739586034702131911e+01
2.956760259646776845e+01
2.043713483606750714e+01
1.354044059476762385e+01
2.715886594499065154e+01
1.975512489818229867e+01
1.046563502644692534e+01
1.341741246987368186e+01
2.244545438549772598e+01
2.785785503681726638e+01
2.666167417341787882e+01
3.138323474417453696e+01
2.805911390346815892e+01
1.718974997776556535e+01
2.518016139827726363e+01
3.118842183936045132e+01
3.588408379271019299e+01
2.064001177850431290e+01
1.857784496840691446e+01
5.365575956664673463e+00
7.248201653604677830e+00
3.091073437370754462e+01
2.707423568133786773e+01
1.791491866853915482e+01
1.487768481428367551e+01
3.229320264945232566e+01
2.959078913466897731e+01
2.780203598567584677e+01
1.423723970044478548e+01
9.170956756621603034e+00
2.779909515850363988e+01
3.456536193493268172e+01
1.870877507574571652e+01
1.878741500739613457e+01
1.027589526024898703e+01
4.383084318979712179e+01
4.284751622489520173e+01
1.754213922222299971e+01
3.253386175053969254e+01
4.427781754660443880e+01
4.529369678250731113e+01
1.968740278832723334e+01
1.778053326663800959e+01
1.715054862371970401e+01
1.097800919853584389e+01
3.107852876103797257e+01
3.865276683286731441e+01
3.478290637628086301e+01
2.150509708232055317e+01
3.247330074424171897e+01
2.705197610008058362e+01
1.526322348171516552e+01
2.225606363161309176e+01
1.877690004033308213e+01
3.938409437315395678e+01
4.499613761177685944e+01
1.300601370120871891e+01
1.129758506703227283e+01
5.081608638042482085e+00
1.502437176490584392e+01
1.330820734523035931e+01
1.137187123562329383e+01
1.209324740699293876e+01
2.086325235243317522e+01
2.542300378264981120e+01
1.228542603236559572e+01
7.234003074791116816e+00
1.082093267265237557e+01
7.418886136210458560e+00
