1.376738258860680730e+01
9.065124428276725155e+00
1.157344423486822294e+01
1.092466026451157646e+01
4.739294940839962500e+00
6.292436339565685266e+00
1.269895703769984507e+01
8.798300856407914594e+00
7.059375188728060024e+00
6.199507479368891794e+00
1.368274374285843109e+01
4.871150812926622109e+00
7.637186830417880934e+00
2.813009921571882899e+00
1.855918988099796252e+01
2.783729561550321208e+01
1.776222208634058930e+01
1.691706211048887809e+01
1.622679201763011037e+01
1.102186587782070859e+01
