5.585100374079773111e+00
9.523836329770231757e+00
8.216167068058293665e+00
2.680667753884755911e+01
2.989522185895542350e+01
1.758604049471831843e+01
9.925590808774867213e+00
5.561613623900303338e+00
7.771189390647310624e+00
1.433434143522824655e+01
1.492504193533074464e+01
3.543436273571811057e+01
2.771639078895952224e+01
2.830153018225603034e+01
2.435931372912769888e+01
2.331879428917145347e+01
1.612024494600528612e+01
2.975882408178256000e+01
3.529465690898184960e+01
4.397603466966963026e+01
2.573688128178378065e+01
3.150454900970935768e+01
3.311462545965960658e+01
3.373939539160031131e+01
3.564362942336370565e+01
3.432195724916234525e+01
2.599773247981331536e+01
2.316039959160054806e+01
3.828327541515760402e+01
2.741564808010279108e+01
1.120240530221295394e+01
2.521614882673768676e+01
2.281340543816324384e+01
2.615734206595691802e+01
2.629396135861728467e+01
2.623839612033780710e+01
1.630538396940124457e+01
1.416657839709584721e+01
2.511598709437697963e+01
1.776606408768896017e+01
6.893694585837024214e+00
1.395394910145123291e+01
2.739948843148185631e+01
2.285665918475419645e+01
1.386016242392759779e+01
1.925800110478156313e+01
1.703184082366379926e+01
2.446949694940848730e+01
1.777174214625183879e+01
2.090274735238848081e+01
5.801800643113442568e+00
1.268645878994927045e+01
2.171900169950348314e+01
1.772017845044736006e+01
2.731265975385048250e+01
1.938163815921038946e+01
7.807136643396481723e+00
1.756671388741129292e+01
2.458618563425271830e+01
2.219880595170220516e+01
1.346002045942924319e+01
2.990340497827273225e+01
1.223569601926488382e+01
1.197497216972687362e+01
1.798243804257224099e+01
1.711833197209693225e+01
1.180968063684483660e+01
2.625650495942290163e+01
3.410987529317952749e+01
2.519151987445050622e+01
2.605488396335004708e+01
3.004933219397039323e+01
8.838438741817059352e+00
2.491441984659785547e+01
2.959076456158732782e+01
1.674579693389862101e+01
2.811402029558098548e+01
3.275055691449678363e+01
2.397159380061583533e+01
3.502036503542944246e+01
1.918623748985112343e+01
2.673364528423005027e+01
3.633998443688798119e+01
3.992898637077394142e+01
3.020123574098630570e+01
3.105507758905080351e+01
3.873173569064287847e+01
2.881527119358893074e+01
1.102565520561601531e+01
2.720066323218441440e+01
2.705326574525918915e+01
1.643643767012581947e+01
1.164249049882875653e+01
4.447349826409539020e+00
9.750174724586543107e+00
3.971321580298742049e+01
1.433424497586102753e+01
1.688817068257849030e+01
1.808393091944371278e+01
2.795913951267322517e+01
4.678592755051865026e+01
2.991383409013515404e+01
2.596926537222736542e+01
8.317882392439607031e+00
1.669549808345649566e+01
3.927739966832524487e+01
2.160505679645095611e+01
1.932382947852896393e+01
2.078831527700015869e+01
2.079727962781180395e+01
3.553602435725213837e+01
3.328796364395707741e+01
3.957990220493904587e+01
1.719997081306225439e+01
2.808644621084832238e+01
2.735328407895857339e+01
1.357861646371294384e+01
2.917588489419350850e+01
2.667690865946815748e+01
2.874279224373514552e+01
2.262617246447144126e+01
1.973300525969407815e+01
4.137723893830884947e+01
2.769769592814266801e+01
2.683802084570383428e+01
2.034274510869265740e+01
1.038396865076554576e+01
3.669085728915973732e+01
2.591209284004620628e+01
3.418464027181887133e+01
4.336504590178929419e+01
2.851667508155012243e+01
4.660576460288956469e+01
3.231212124358398796e+01
3.335234394601027219e+01
2.704599135323354275e+01
3.493670940289273830e+01
2.031937676718649399e+01
2.401089059489580890e+01
2.967910614412209114e+01
3.666818921072347592e+01
7.020208508843131412e+00
1.130755009987396420e+01
3.227848713758201882e+01
3.129842680333348426e+01
1.321534411898914740e+01
3.954489703093280184e+01
3.434332539204926604e+01
1.749034107189565646e+01
9.153855378657166142e+00
2.394706931199792876e+01
2.426739189719221201e+01
1.505552398079883858e+01
1.453896306004379291e+01
1.188937496654810744e+01
2.028538072028356964e+01
2.839095115739328890e+01
3.022284984861443036e+01
3.186643784973530913e+01
2.331093868607114317e+01
2.074618032379111199e+01
4.367062909464239340e+01
2.945619326789366710e+01
1.220560400060188755e+01
1.783105404299946173e+01
1.897083085101053257e+01
2.322345465124499952e+01
1.007301331429470004e+01
2.511217038694372405e+01
3.499631390068072534e+01
1.422664863274179581e+01
3.154031119980214726e+01
4.035747608067368475e+01
1.262489544941147734e+01
3.733452872705381509e+01
3.867061895007777395e+01
4.325027756454176853e+01
3.193375374522191024e+01
3.875720852322255894e+01
2.581762499195427907e+01
3.543281258391304078e+01
1.993019743947650824e+01
1.865499332552871081e+01
1.699305441714087905e+01
4.189723405189837990e+01
3.122154396426536493e+01
4.493381757418634237e+01
2.662820202618864229e+01
1.624942007747986850e+01
6.883552848593258666e+00
2.437757479993409859e+01
2.462693299654321066e+01
1.406006783987437814e+01
2.555628242819454243e+01
2.328500661326411603e+01
1.416403596946512877e+01
3.149213207330934949e+01
2.137087865660288344e+01
1.689570707329300703e+01
1.365048574899381784e+01
1.340934920157615906e+01
2.361399064210394272e+01
2.208779064270825288e+01
4.077659442163204062e+01
1.909927922411634071e+01
2.143368294950843023e+01
2.113605087322664389e+01
1.592245485577379505e+01
3.069310676732131782e+01
2.309173451245246156e+01
1.043231956699560392e+01
3.699679746845870199e+01
2.531138259292781711e+01
3.403776479140400824e+01
2.463481411549297917e+01
2.083267183655421206e+01
2.406653055219897652e+01
3.081331332874201223e+01
3.329266658080567964e+01
2.148233689968392213e+01
1.710663491426684502e+01
3.543695178470903784e+01
1.350348332226890591e+01
8.555663549681293389e+00
1.128547835795815146e+01
1.498231023987214527e+01
2.059271186695239919e+01
2.836716554837845550e+01
3.157316349206899275e+01
2.353430958471455625e+01
3.360809037901909591e+01
1.691476783098141823e+01
9.114561276351764718e+00
1.044249651082754227e+01
2.882557881235448960e+01
2.894626305674070110e+01
2.305364904048644448e+01
2.106070279888202634e+01
3.708508625274303938e+01
3.519894007969151062e+01
4.721263043615024202e+01
2.524463313536169906e+01
1.674881395787548755e+01
2.551232955225144394e+01
3.268654288040760747e+01
1.884707147223764423e+01
9.684915991931699608e+00
1.130480646414117807e+01
2.873660044794487689e+01
1.896430768437976866e+01
2.365207015886412734e+01
9.760995318971751544e+00
7.800630023502161059e+00
9.212428165585672346e+00
1.035764147987395667e+01
8.056087048974330145e+00
2.114759620957202202e+01
1.619339747056871559e+01
3.558161722875011179e+01
3.583835727448765596e+01
3.380414123860170861e+01
1.730734516796341182e+01
2.550581871672634904e+01
2.502346175008624840e+01
3.157006584812735994e+01
2.780256308201382964e+01
2.669253151626755383e+01
9.907569071244612502e+00
2.695252121167031234e+01
4.419499199737980177e+01
2.435822302249068727e+01
3.801383762456321591e+01
4.096588498410778101e+01
2.142539052337988537e+01
2.547286592890767665e+01
2.696540197780460701e+01
1.558097314714237847e+01
1.038025228146659273e+01
2.741200675789519892e+01
3.988784466591872047e+01
1.755868783613475870e+01
2.058723607706953729e+01
3.910346445198697296e+01
1.613623625878869916e+01
2.521525666355686468e+01
3.024616731798255742e+01
1.333552770649604113e+01
1.877842539939547351e+01
1.409866951498127108e+01
2.300353593668261354e+01
2.515613291044621391e+01
1.571731966665158353e+01
2.816637384776644382e+01
1.481295901514149271e+01
1.757804517346349016e+01
2.101930391981193935e+01
3.255901207342599690e+01
3.232085050621867595e+01
2.182721062079166430e+01
1.249996440777627171e+01
2.485260454597037949e+01
2.949397168562681415e+01
2.241547948839653159e+01
1.249248256809291391e+01
1.618575581016884257e+01
1.389422133779220481e+01
3.565538061501601419e+01
2.859049310880718053e+01
3.157406978705328271e+01
2.292296453831689007e+01
2.113562681675145427e+01
2.430571259432914744e+01
1.345083810395005486e+01
1.127763542794160756e+01
1.223228883502907038e+01
4.086431905717659241e+00
9.793957868826263180e+00
1.339516731255807969e+01
1.802967606710497250e+01
1.597672451887693157e+01
