1.877909158350902885e+01
1.824096214586109355e+01
8.518383188337754319e+00
1.856950269079927907e+01
1.411148677420697695e+01
1.505463019922659385e+01
7.721215882519658180e+00
1.849806939500971836e+01
3.237765862520685545e+01
1.822636694249655775e+01
2.383136505687423679e+01
5.474488387700844783e+01
4.261096200235881071e+01
3.238089086334906597e+01
1.325514537575993756e+01
2.573941851808314851e+01
1.209082508594609351e+01
2.664621710369958407e+01
4.306217187586047146e+01
1.983176535151868336e+01
2.430751168973035448e+01
4.865378929333997604e+01
4.219895290104064145e+01
4.265805174795060850e+01
3.018968988897169226e+01
2.553306167821113348e+01
5.096298326670469336e+00
1.063709465461838022e+01
4.312312403920327597e+01
1.300156525388140949e+01
8.205582941355505255e+00
2.045328943489447227e+01
1.429421501597815336e+01
2.381340049649009671e+01
1.300716702662693258e+01
1.080687221748824278e+01
2.317869128681286384e+01
1.791087640741728748e+01
2.367771321184432409e+01
1.677178692591473208e+01
2.434143226453148401e+01
2.209268212440491297e+01
2.315064031703099801e+01
3.101707676979085448e+01
1.329629563571704765e+01
2.204972540993931673e+01
3.102307792234583061e+01
3.072837252161527388e+01
3.716437886131187440e+01
3.448167404204819775e+01
2.058282410433817233e+01
9.068914011160714495e+00
2.027879745863300798e+01
2.116062377536787409e+01
2.452570287086955503e+01
2.504850943108314709e+01
1.891289723294530489e+01
2.768804056523337920e+01
3.618378432916259158e+01
2.908882367247731082e+01
1.509713962894599959e+01
2.522718099607516251e+01
2.378410293432867206e+01
2.089584743461880834e+01
1.329335233650108528e+01
1.613627024008937738e+01
3.226289873887546378e+01
3.149727711387700069e+01
4.285443038854744202e+01
4.261865639938420713e+01
2.074598405232747922e+01
2.578553653490995146e+01
1.967264287071490614e+01
2.348301826088195554e+01
1.887732064318158365e+01
1.196255817823769618e+01
3.456311516411260243e+01
4.180584363279601234e+01
3.724069759259977275e+01
4.164706332766847652e+01
1.316454692091768663e+01
2.098320367556699750e+01
2.764007800126464787e+01
4.200838078520541785e+01
2.722517777049430521e+01
1.783721073620830211e+01
3.473439064457959802e+01
3.118895233084582230e+01
2.553424505333082450e+01
3.048817831712954174e+01
2.739478559208278341e+01
2.261642544807454414e+01
1.146009700970737910e+01
6.394962564523597237e+00
1.614630646667445646e+01
1.711022400332671722e+01
7.497793628821783685e+00
2.440580128724720055e+01
2.223457493229845738e+01
1.944437699536953801e+01
3.771527828291836926e+01
2.076503741883526644e+01
1.185079137243838332e+01
3.796603568803562645e+00
2.434378613674252279e+01
1.768945303148262838e+01
2.153930693300578270e+01
2.091439878748266068e+01
1.202150091443422397e+01
2.649072865223675777e+01
2.971376772175625547e+01
1.630284516887077473e+01
1.559423871293447306e+01
9.423826930663885548e+00
2.650298225206536173e+01
2.037509970028182948e+01
2.884890586992875328e+01
1.299235834649588028e+01
1.346641759154025664e+01
2.894231521892396586e+01
1.699541828227798135e+01
3.161941018975998929e+01
1.664555828521903891e+01
2.177811440487024441e+01
1.621229984293873372e+01
2.911052078472575388e+01
1.783972049243853775e+01
5.232796654526756797e+00
7.778869819322264512e+00
2.050097380289052396e+01
3.761153656691913483e+01
3.563339895673207280e+01
1.113954370105573943e+01
1.507082574214257775e+01
1.839326461790039957e+01
2.904195862234299597e+01
4.755961072206510210e+01
1.428754106979394400e+01
7.285629514810956664e+00
1.210121762693600900e+01
3.411460829193086397e+01
1.402687933370296847e+01
1.923098945155430428e+01
2.895829346652050873e+01
3.854714065814578561e+01
1.515156685926072555e+01
3.359545674771535317e+01
1.576743125517539212e+01
2.226884398222959760e+01
2.895446816340388807e+01
4.852985283264692384e+01
2.309725610328330347e+01
2.925849205566755273e+01
1.466876756407599380e+01
2.979482991979436690e+01
2.744487306203172849e+01
2.766088326010471121e+01
2.572989192371707645e+01
4.536827273002215577e+01
3.368368269922503089e+01
2.580339209003931700e+01
1.910063055980424807e+01
2.504856889931992825e+01
8.009476947669529778e+00
1.825129027001353421e+01
1.733869754803343710e+01
2.461785453626088227e+01
1.958173085028621330e+01
3.823294613527713892e+01
3.203265015896153756e+01
2.062521333661442924e+01
1.705336726926680768e+01
4.046412812910426737e+01
2.811413908055008548e+01
2.823066470727066957e+01
9.787011633187628235e+00
1.710386762217988732e+01
2.972638157730122543e+01
4.160204644567522791e+01
4.400968212475098795e+01
2.835991212221735935e+01
1.715468033044378160e+01
3.640420298461751258e+01
2.385500365211949259e+01
2.871508536158093250e+01
8.367917775309708261e+00
1.795267243548041591e+01
2.421336906773827380e+01
2.266858338263986994e+01
1.477607997987608535e+01
1.756018608796246383e+01
2.160698983961658826e+01
3.078998312140405247e+01
1.798819981472337659e+01
1.576561120599219379e+01
1.660973669067124447e+01
3.428928063136986992e+01
3.893010543901693410e+01
2.468784063057861999e+01
1.765047157660231747e+01
9.240848991866911888e+00
2.030321635169739380e+01
1.474233891217852488e+01
1.217974581360856412e+01
2.582847948550789852e+01
2.062846000495695264e+01
1.390872484707813683e+01
1.865838876895725207e+01
2.345573932762200542e+01
3.215543362347598588e+01
1.010675337392240714e+01
3.953960279866792860e+01
2.242560592096304362e+01
1.109370590121312183e+01
2.177305834710956489e+01
1.916324262143448820e+01
1.014089935976514489e+01
2.844649523437243133e+01
3.795407203206321611e+01
3.119962254620596198e+01
1.818442944369803627e+01
3.538803027778183008e+01
2.632993958457437245e+01
1.604895395498751043e+01
2.984470324829565513e+01
3.966693183292250069e+01
1.950366364251844686e+01
2.403861764674510582e+01
2.393376446798397694e+01
1.083574414220552384e+01
2.587592604871602475e+01
2.186699316637721324e+01
3.186808912307505182e+01
2.624764927801830439e+01
1.262615824157152566e+01
2.627615999625155752e+01
5.885873262886755164e+00
1.460316383244741445e+01
2.895943956457127655e+01
3.294325655081472348e+01
4.694537497113719837e+01
3.286225313148874250e+01
1.198108019421810333e+01
1.319134968526319263e+01
4.531074535880936338e+00
1.311560646968320398e+01
1.917146588935410012e+00
1.406545055351140761e+01
1.457452380062639818e+01
3.273144581958420929e+01
3.085311531511138838e+01
1.832493127530437249e+01
8.752269099138421993e+00
1.819840563357331220e+01
1.236551890640729567e+01
1.833441198992417398e+01
8.061571787087565610e+00
6.425249148538321187e+00
2.546070009275208434e+01
2.222806034998908586e+01
1.339935830061823374e+01
1.246336220497514624e+01
6.362028749748069423e+00
1.595327433240987602e+01
2.837840385096485463e+01
3.011069914371120859e+01
1.900008658795847438e+01
6.821427883042223250e+00
2.114916430767343414e+01
3.249367452735614137e+01
1.136084398408486962e+01
2.251816006243571167e+01
2.782839484906520866e+01
1.503466973915901406e+01
2.272921124701063178e+01
3.836930985384235981e+01
9.841313955164576299e+00
4.005461259291592135e+00
1.348444472524173321e+01
4.400227452070468814e+01
1.843508835158015913e+01
1.418464299432996967e+01
2.770569672559033592e+01
2.731423737035985866e+01
1.892605189316507364e+01
3.862917622120379946e+01
2.420715467373675267e+01
1.504795367857361654e+01
1.897687920414188056e+01
3.407989909107185156e+01
1.125459505234892355e+01
5.305482518169045036e+00
2.822715330369891973e+01
3.043827233397178844e+01
1.524819604230877523e+01
1.951791503468210820e+01
2.018219381653719680e+01
1.862561657152809858e+01
1.549620199089832973e+01
2.159168455552003962e+01
9.517675432762327858e+00
2.179659407034110075e+01
5.795803430778076404e+01
5.323259170894202441e+01
3.161692379200180980e+01
2.741951349615289502e+01
3.054949021526361363e+01
2.519305646487076444e+01
2.998138115696461625e+01
3.553650847384636791e+01
1.113612245983852134e+01
1.473128761591190994e+01
2.332112136488866483e+01
2.582118763320278987e+01
3.322626527917694261e+01
2.578918738692039625e+01
1.360790026939183583e+01
1.283991965434024074e+01
1.890888182325797828e+01
2.252140064818487275e+01
