3.716797019994361762e+01
3.953811861740419431e+02
1.218814563325636868e+02
7.475546064385554246e+01
5.133072356743206228e+02
3.234536638305906564e+01
9.196108657777375583e+01
3.306379781634982251e+00
9.360703745583278135e+01
3.701131175046963762e+01
3.571372634664290047e+01
4.357938664226520586e+01
6.549671848850127276e+01
1.225139484885819030e+02
1.153243266012004540e+02
1.033116109356263337e+02
1.274467525249419282e+02
2.832535190554467164e+01
2.336339223139932813e+02
8.949880272543811088e+01
1.151013737786544766e+02
5.416347803415225926e+00
7.992779165609171343e+01
4.202822061749743199e+01
8.747125389610540935e+01
4.797384216963529298e+02
1.005434479251423596e+02
4.885997724231037864e+01
5.441091102107163735e+00
9.867992022318975387e+01
7.616833435025759513e+01
1.182223305457103493e+02
5.609398511294493517e+01
1.110455995876835118e+02
2.390822883393693132e+01
5.136419148824606395e+01
2.665434646590285297e+02
7.021642625026545659e+01
3.232836673456925780e+01
1.910969619322892470e+02
9.312435470143763894e+01
1.155557392152790008e+01
1.899756742397451958e+01
6.186476307687419052e+01
2.879886397747429214e+02
5.355278564929567864e+01
8.833411275575181776e+01
6.481169467941951723e+01
2.404105360458398195e+02
9.554541740929920479e+01
1.124203186750483781e+02
1.919053526458946521e+02
1.125675189742255640e+02
5.885022568123094970e+02
1.711663471315443985e+01
7.946997033568372615e+01
8.224078966925944201e+01
8.076385184007246920e+00
1.347974740034820229e+02
1.009042045332597297e+02
6.253299292533142761e+01
1.149507544388079694e+01
2.570320856786362995e+01
1.041068539290875492e+02
1.014122278467928879e+02
1.774972570328707988e+01
5.924745960066334192e+02
6.970059004214702725e+01
7.127650105693645344e+01
2.476721524489130957e+02
7.305871943205552554e+01
2.039075719211837523e+01
1.123164350085471419e+01
6.438449266618611944e+01
6.950833054617979201e+01
2.163258791787412605e+01
2.943649357879884292e+02
6.822705105477142240e+01
4.766291328551863558e+02
7.392865303954359035e+01
2.566476239047929653e+01
5.974703347315806923e+01
4.300708569843383344e+01
9.879733648970749016e+00
8.795791363937505025e+01
2.803651369426108317e+02
1.471928927170498582e+02
2.168426269162165454e+02
3.989261346132003041e+02
4.542332653213657645e-01
8.997211126832345940e+01
9.087732952052539304e+01
9.213235862436380330e+01
6.388200901866013304e+00
1.876592538373660375e+02
3.213173122442125873e+01
4.135674277166417312e+01
1.794361498543976552e+01
1.391392020092342108e+01
9.836075695260699092e+01
2.804865789476086135e+01
7.220507199124978115e+01
3.597498920887598501e+02
1.275263108569771831e+01
2.393454652678879597e+02
1.310410137748521322e+02
1.228769913134894836e+02
2.006825400780172686e+01
9.685945398905033699e+01
6.222990283692298341e+00
2.327480702230299414e+02
1.238234300601143900e+02
3.186558181931990585e+00
3.809388611840883954e+01
2.756714925091118218e+01
5.678445146451365666e+00
4.681883254321811449e+01
1.938934802869388108e+01
1.256231672790392793e+02
1.385190368935263052e+02
1.021343824225523775e+02
6.133356769410762688e+00
1.078175081465478797e+02
1.624375351942106249e+02
8.970575360088419359e+01
7.603047977951661096e+01
1.939001230872250972e+02
6.825810350149399142e+01
1.439915806921936507e+02
3.631145215597959464e+02
2.992342579426336329e+02
7.357280076157766757e+01
8.143437238655216959e+01
7.299415073311631375e+01
1.744788442695127273e+01
8.088373730927649774e+00
6.333486983809385862e+01
3.587641211783269455e+02
8.225440073857309642e+01
1.981297813997542434e+01
7.331098932571298121e+01
3.580086999804797188e+01
3.476779906868617331e+01
1.187776624877681542e+02
2.383793372900333623e+02
6.171265354375921675e+01
4.212774259249962228e+01
1.415312181847768613e+02
1.078637824115738510e+02
1.057367812667538800e+02
2.504374257045301633e+01
9.603425567166739540e+01
7.593508776021853635e+01
3.019658044939937724e+01
5.310094569787786156e+01
8.983717503412013627e+01
2.687433864447665428e+02
6.683395812317662603e+02
6.998883303333857953e+01
1.591912240183926919e+01
9.468817616848610896e+01
9.950617528789872779e+01
1.200169702258139637e+02
1.373860372095552407e+01
1.610904015960757718e+01
2.546586883669629486e+01
2.499561978295768085e+02
1.351815582534860312e+02
8.050485796859577192e+01
3.722343698195662398e+01
3.977971583205084727e+01
1.303631251661490467e+02
1.899385011630614031e+02
5.680602943904172264e+01
9.749004904780137792e+01
1.848039025605967467e+01
2.210227526292641187e+01
2.977117513028566123e+02
1.083454527083747649e+02
1.231839280292771690e+02
2.938170993768995487e+01
6.947291800919178684e+01
1.006613575234673448e+02
4.836465182504699101e+01
1.869804225364717354e+01
1.022045752329317736e+02
1.575690616590062803e+02
1.814045179354069717e+02
1.433964238850397805e+02
2.503682587055279498e+02
5.141108849309083961e-01
1.130341881388968517e+01
2.687796570976863819e+01
9.922395766528049421e+01
-5.496348388210372526e-01
7.498209036270625916e+01
-1.070377902732726305e+01
4.323354360764733428e+01
2.466360651561449657e+01
1.574707864231359338e+02
1.553604064303025289e+01
-6.841083491981020615e+00
2.117147570750323098e+02
2.325192441581533132e+01
3.610465171945645579e+01
6.352987629857823038e+01
1.276063131600492007e+01
9.451642153916094458e+01
2.305431029533955041e+02
2.123640823348993845e+00
1.708460135346244613e+02
3.969461299712447300e+01
4.638727581378026343e+01
9.463995211109365258e+00
3.429688100784031803e+02
6.484795108899763250e+01
1.481872487101175473e+00
3.065018005050465604e+02
2.949914552389438782e+00
3.387481501807224049e+01
1.773488562979567291e+02
1.647117750771511346e+00
6.021755838512416403e+01
2.089902393262321567e+01
2.775659832807399994e+02
1.789300337759308235e+01
3.209984182327703195e+01
3.119713319872713555e+02
4.408017422962047505e+01
1.561950053785325281e+02
6.411805260162802256e+01
1.927717997667858896e+01
5.441325870069390902e+01
5.268945286808156681e+01
4.404167082755196105e+01
8.480410995576281152e+01
5.841781598630600314e+01
1.494020104321056408e+02
2.281439501799948744e+01
1.065674396320393953e+02
6.353498571576980680e+01
6.528142629856873214e+00
1.100121358393097353e+02
1.787503083318949564e+02
2.035201895399007981e+02
3.110884374887356785e+02
4.943433036670112024e+00
5.014028444189838751e+01
4.054232057551271851e+01
8.984682221803856805e+01
2.603793214798250801e+02
1.281180052122010125e+02
2.700746536076375151e+02
1.870554819633143495e+02
1.284104679899070511e+01
1.290027608103043235e+02
3.626056437923572418e+01
8.614129549047285650e+01
3.189032656318449455e+01
4.951656168168691607e+01
1.879174892259160856e+02
6.817600407913373317e+01
4.023518287367791402e+01
3.352993875043020466e+02
3.219119677018499459e+01
3.120864116183463466e+01
4.635097919241666808e+00
5.459337848525188974e+01
4.027917487955817677e+01
1.197459831975716753e+02
9.422679939014035000e+00
2.216562632511133870e+02
1.192742601732746976e+02
1.738934437241577200e+02
6.682982950441395076e+01
1.517067854404461684e+02
3.824767850618965959e+00
3.605326259384389118e+02
4.091505232577527806e+01
2.099754721035335763e+02
7.347430627460897590e+00
5.939973832665585718e+01
2.183416064488599204e+02
1.285258614896644929e+02
4.291328327460649916e+01
6.762152322221891154e+01
7.022802293151707431e+01
2.184875231707078456e+02
3.949961012583464282e+01
6.559838886571495209e+01
5.308089899939823653e+01
3.814228347555906851e+01
1.053688711776664064e+02
1.435467727342428361e+02
8.446113950135699611e+01
7.716792009373197914e+01
9.979066145378074282e+01
1.760490850281146322e+02
4.299254771560094355e+02
9.496397527838371388e+01
1.956122640783718225e+01
1.042582181052600454e+01
2.516217769922051843e+02
9.838887691043861139e+01
5.093476316303745932e+01
1.910035123224334370e+02
2.912320366875965405e+01
3.065185167232185037e+01
1.244276745490714120e+01
7.822034223774643635e+01
8.375618760443141753e+01
1.714679881081388828e+02
2.527315976596680258e+01
2.476931549187231241e+01
1.092513995303568075e+00
3.582477448289110100e+01
6.809012800988853087e+01
2.277034889030265674e+02
6.282592918061242671e+01
4.731727912664836566e+01
