8.124999914751052188e+01
4.008291735271296830e+01
3.419984483425792376e+01
2.726130023070034625e+01
6.476912571787701722e+01
-5.305204358105821250e+00
2.242537477346198216e+01
3.713434259938789950e+01
3.999920187213369616e+01
3.831873861034316064e+01
2.532100950713048348e+01
-1.841851710511579032e+00
4.760032809355032413e+01
3.712123557810489416e+01
5.186793773983171718e+01
6.029911294239220609e+01
4.361785675039556054e+01
5.622507274377513653e+01
1.961427639634185027e+01
-3.036009340703124337e+00
2.231250576434785415e+01
5.249789440989879807e+01
5.298697085394850603e+01
3.546427218256239655e+01
1.286848696358938149e+01
1.829865551689624681e+01
3.093148938967359740e+01
2.512968270470044274e+01
6.595237121151009774e+01
3.891431495459666934e+01
7.418765853348850214e+01
4.090285479551545222e+01
2.882164511327928125e+01
6.213267167028769222e+01
1.953939681502675541e+01
3.859699236918692122e+01
5.863555336715504041e+01
6.067863566844319223e+01
1.104792324333164544e+01
5.486021512608040496e+01
3.121760029056683550e+01
3.280336042257769691e+01
3.913337516297159624e+01
3.334070330431349305e+01
5.835217176645099357e+01
7.531716538653796533e+01
4.647379452462708116e+01
2.663597810169818558e+01
5.118987808163226561e+01
6.420435965142132773e+01
1.962467525909108446e+01
-2.506265702737753731e+00
-6.919048756107113007e+00
6.779141460940331854e+01
1.897097205647165552e+01
2.305221931979145822e+01
2.288679928863476221e+01
5.568396985964110968e+01
3.894640123818011546e+01
4.567521815920012784e+01
1.463050703630444360e+01
3.952535672941232292e+01
6.449734177955073733e+01
1.218359005076325907e+01
3.465943553314624381e+01
4.056296575874804944e+01
1.423471721346237828e+01
7.157959833277044481e+01
2.799012746339855084e+01
6.488993608865436613e+01
5.016704328904091881e+01
2.759076251168661997e+01
6.167241520319126646e-01
3.959556015366198523e+01
6.450182224022242394e+01
4.100209723756911018e+01
5.702400705547995585e+01
6.178186050898580106e+01
4.508382751816003520e+01
3.487950784192421594e+01
4.909003751018168771e+01
2.965946763194489932e+01
5.782789984343128253e+01
8.474275774018662943e+00
9.384563011546366340e+01
3.404815330033441967e+01
4.016860909608211472e+01
4.981075752358781727e+01
2.917882390615001142e+01
4.260238707267100722e+01
2.677236263754202028e+01
4.313599110896746680e+01
5.170107647626831948e+00
6.017786282460907188e+01
3.841897087179130210e+01
2.865856125788408093e+01
1.777249793989014748e+01
6.446324614965588751e+01
4.057150616018741118e+01
-7.308340637014391739e+00
7.804991319258931526e+01
2.725834135473772335e+01
1.743013210280188474e+01
1.942484394032077688e+01
1.387227987813491126e+01
2.111243506270803749e+01
2.512140825215367101e+01
4.827994340645960847e+01
4.997548876746273550e+01
3.622550002427166760e+01
-1.013583506952222546e+00
5.061891226348097916e+01
7.342624974192976595e+01
6.852116527654001743e+01
7.131551031146895525e+01
3.705252331137591426e+01
5.643492132221825841e+01
6.674723414436287783e+01
1.067171350849443456e+01
-6.146097148284670908e+00
6.365040544112174814e+01
1.653568711739281127e+01
3.639241091953883256e+01
3.027942688004635841e+01
2.372160782469151030e+01
2.815460102084372362e+00
1.812238133769102078e+01
8.217632200683515009e+01
2.062305669973522981e+01
6.165006007983541281e+01
7.217766095632782708e+00
-3.911092234394703659e+00
3.871088987854579777e+00
2.733485891571050530e+01
4.783818960536908094e+01
6.019915546565054143e+01
3.472161775359964508e+01
5.955821139201887604e+01
4.534055767060321074e+01
2.930227397299122671e+01
2.604018575709380201e+01
5.834998012413592505e+01
5.433878080084597428e+01
4.175875843893109618e+01
2.208954010636432130e+01
3.199612449986070217e+01
-1.269943860635231347e+00
1.129295998507551602e+01
4.483926167625814685e+01
-6.323899481655386623e+00
2.082275063275404570e+00
3.877724383207385017e+01
2.025611307183022092e+01
2.997225006633545163e+01
5.898529134509665539e+01
1.438781689977467693e+01
5.527560783443123427e+01
5.742967373567371681e+01
2.787559652155033518e+01
4.655924816219548745e+01
6.647321396787918957e+01
-6.779683573951077236e+00
3.139909901183125385e+01
5.352452216719563438e+01
-9.134527642229659961e+00
2.174879621322819290e+01
5.430885939086545022e+01
1.522151997828670389e+01
8.541561028637769226e+00
1.081231344687583018e+01
1.746304848971997004e+01
-1.651869323905250431e+00
5.327118694622416228e+01
4.246879026376692678e+01
3.248181190942824514e+01
-6.887951094694271248e+00
5.081656176139423664e+00
2.956120296804430936e+01
-5.021688941620797486e+00
4.175296421605177244e+01
4.359490340470796355e+01
2.898095933489672404e+01
4.522797804529692911e+01
2.939514906573992903e+01
2.549097493731020592e+01
5.786871586362475739e+01
3.502510630892295751e+01
2.707577810742276370e+01
4.503683652423865169e+01
6.645643506989077309e+01
5.586205386671838369e+01
3.825207801175998412e+01
5.536967360512822722e+01
8.911836151715886167e-01
6.671943373896392870e+01
4.573200215366500743e+01
3.781386500951957430e+01
3.268876438020217279e+01
4.928137634539179146e+01
1.986403458584046078e+01
5.356836357067726340e+01
1.909940423509000951e+00
2.349574117222267589e+01
1.708401836106479266e+01
1.379160050733288578e+01
2.784982745639918988e+01
2.485122964731857564e+01
5.324273173267864934e+01
6.247384907183649005e+01
1.362144152134624875e+01
5.417725610733759112e+01
3.481470962974833583e+01
5.773168345944834101e+01
5.275859534119850025e+01
4.493588521306071470e+01
6.060826372204880386e+01
7.220819734666886092e+00
7.342997312446252067e+01
3.407560700646604346e+01
7.668240742152097766e+01
8.861033258351557862e+00
2.434830884038677468e+01
6.959670613163240205e+01
7.926968471134199490e+01
5.107637947148192126e+01
8.015399931851302284e+00
3.301031741975813816e+01
6.092836432412202896e+01
-5.715533878617800490e+00
1.919460963190910263e+01
2.093665274679441524e+01
5.733757034424498755e+01
4.535151036823383919e+01
8.022914238017999367e+01
2.371189469831651309e+01
3.537500511088667565e+01
4.012306317217966978e+01
1.931570913927321342e+01
1.665279985261843265e+01
7.281629402426946740e+01
4.976809030508756848e+01
2.729392516057981766e+01
1.753502927065230210e+01
4.905671168712756014e+01
5.560614064589482552e+01
-1.746558868551041588e+00
5.078491446915477070e+01
2.510506389858568355e+01
3.097322258777148463e+01
4.216215436092760882e+01
1.357916185512113394e+01
-3.931509613712313111e+00
6.014805598557438771e+01
3.803366796598771415e+00
3.873928179795082372e+01
5.603240159779568330e+01
6.763496620175001794e+01
5.284809869424003637e+01
1.735419169128993389e+01
1.786701336777153415e+01
2.204328812865891507e+01
6.280937129204360048e+01
3.278439940237581141e+01
6.190624255987781765e+01
7.237305222839943042e+00
-7.133567567001789733e+00
4.129919937055822032e+01
4.487063430448573342e+01
3.960650332981347788e+01
1.026098475116410924e+01
5.256559330277476016e-01
3.610201682929377043e+00
2.795562669188974070e+01
4.738738713259152746e+01
6.868944298084518785e+00
3.343450532149527987e+01
2.813996775350207002e+01
1.816493968475330689e+01
3.034906867209452841e+01
4.551572959730285817e+01
6.259572038286930251e+01
2.149644206560076043e+01
6.686670343090032986e+01
5.196598287418402151e+01
3.717223507901040591e+01
4.437901429789387464e+01
4.881123320274859623e+01
3.840116267346061818e+01
1.440662955001193124e+00
5.253158855176887698e+01
3.330718247258478470e+01
9.497148852343917369e-01
3.029511748209202437e+01
7.234001509693076315e+00
5.382562294601289921e+01
1.613591434658694368e+01
2.529731460372305918e+01
-7.057274146186944819e+00
5.423973426302709555e+01
2.232327287226904211e+00
1.074899003757245097e+01
5.014396830074045397e+01
3.312558470981245762e+01
7.187099019692367108e+01
2.576226195218141157e+01
6.271737286994616767e+01
3.488481576468224432e+01
7.448858417059022941e+01
3.376124096803108898e+01
-8.545912943087119018e+00
4.049271077035469091e+01
4.576652704270070160e+01
9.808103352003822550e+00
1.676917962457059730e+01
4.145511345954324867e+01
2.339694143002541438e+01
-8.094425955313044874e-01
1.171103093702529208e+01
7.176798422248374720e+01
4.225760450465905649e+01
