2.315352629791324723e+00
1.480120225912765708e+00
2.845655640614309423e+00
2.468806955236270362e+00
1.484861542728777017e+00
3.811273711665153829e+00
4.410475117777828302e+00
3.710222137450520652e+00
4.744275362567432985e+00
4.224287539510684475e+00
2.862593954463311441e+00
3.340079389395273601e+00
1.660385217189421336e+00
2.170935893609344358e+00
2.125087400076980604e+00
2.998525809742813131e+00
4.345747534647796506e+00
4.870503914947383883e+00
1.427557866385075425e+00
3.006090130061735977e+00
1.946341690550256187e+00
2.578108760123709153e+00
4.142712397673683711e+00
1.348179302645406752e+00
3.071099657177905229e+00
4.536207254093595154e+00
1.985514304928512441e+00
4.597159759550255131e+00
3.982346131939772604e+00
2.913775701335399315e+00
2.390801860289704539e+00
2.514944546799584568e+00
4.254125726262284246e+00
4.554657608424152571e+00
4.138931434135059817e+00
5.291234320778220201e+00
2.661693533584752469e+00
2.975099904711445475e+00
8.452196284790325365e-01
3.376896533342521156e+00
