-1.121527717323585138e+00
1.631577937102624443e+00
-3.390577508585693178e-01
4.561920197993558190e+00
-1.043973040012132980e+00
4.602031945669297075e-01
4.028723755473939683e-02
2.755022407959757391e+00
2.552878402040283490e+00
-2.801718428813906314e-01
-1.930543648060507878e-01
-1.444835650331245391e+00
4.553858165513795520e+00
4.767010742546812452e+00
2.500458895813311599e+00
2.218930473141764281e+00
5.534485710391037649e+00
4.329445124777958398e+00
5.027248941997072285e-01
-9.040970171769093788e-01
6.608058783858383745e-02
3.833444586691272526e+00
-3.660863866573539904e-01
-1.985685286415077577e-01
7.598968488581695491e-01
3.630200230978197773e+00
1.214160632868422240e+00
1.002226746371473354e+00
3.809812473944558242e+00
-8.834160013486732632e-01
-6.441443601345643311e-01
1.571977878704719500e-01
4.807573793142189800e+00
5.951228188897479399e+00
-4.009759041527018453e-01
-4.014489770242953837e-01
1.406939178234375865e+00
-3.789547274156928047e-01
1.375310418504285037e+00
-1.411249173771731868e+00
-7.297757755271434554e-01
1.066675257718749936e+00
6.847234812859289699e-01
4.320868964331618045e+00
-3.486196066956433803e+00
3.918198417007507928e+00
3.545151647348849355e+00
4.645676781004643985e+00
3.143567447342986210e+00
2.092953374473252914e+00
2.115274248638101984e+00
3.718421140320532725e+00
2.047254236074885991e+00
5.809205276622297021e+00
-2.210944942135003588e-01
1.528358781673856637e+00
3.091397842048661193e+00
-1.962806219556914478e+00
7.848663848770164042e-02
-2.644108626437155607e+00
5.522300713404536765e+00
1.760595853261952559e-01
2.556924070903520363e+00
-1.245779859859395655e+00
3.639640602136076097e+00
-8.358860612162750670e-01
4.011829699002328553e+00
-4.210832035625615699e-01
1.227743102981690759e+00
2.780723798912074329e+00
-3.543573675772996312e-01
1.957864108295241490e+00
-4.830511444537395338e-01
3.857418492007138044e-01
1.597761275540426240e+00
2.637756923284858335e+00
2.699164290214091100e+00
2.267414040492550242e+00
9.115370693969016003e-01
3.823196554710180273e+00
