6.306727220632286635e-01
5.227061389531106883e-02
7.328319646104207719e-01
4.278946514908376075e-01
4.436587498237364313e-01
2.697716734288766460e-01
5.938892896295518975e-01
3.335409295436091437e-01
3.052212499649628041e-01
2.481990891878115280e-01
3.832408751912538269e-01
3.163284488004980410e-01
6.977675771758103940e-01
7.720064279375138394e-02
2.048860380087667021e-01
6.084201517114418145e-01
5.868046920655810572e-01
3.470476712776856543e-01
1.842007877668794258e-01
7.613271226812085013e-01
6.244922050397456736e-01
1.221705577797049802e-01
8.744907467709273075e-02
7.830873219606570013e-01
1.325221486349992261e-02
9.919220853104834257e-01
9.749505537240215070e-01
5.434120527259378441e-02
5.356985946457516468e-01
2.703649648612838075e-01
6.920524804679736297e-01
6.991893667420697733e-01
9.184903525716617834e-01
4.875192996966291048e-01
2.714606760422030307e-01
9.363974343543945977e-01
7.630406218057242951e-01
3.825707898912023008e-02
2.761893608096412933e-01
9.364665818917695672e-01
7.004906320825011745e-01
5.628723087606879449e-02
7.121339709380564154e-01
6.783928710012687713e-01
9.422299036765072744e-01
8.129886446420603319e-01
8.540596849813184566e-01
7.115786752719369668e-01
3.499306693197810070e-01
7.135057341840076450e-01
6.797229589748233769e-01
8.553900412053683233e-02
2.128545070601952638e-01
1.873694630464479705e-01
3.070562785842406717e-01
7.286553880382885540e-01
4.359733630442594876e-01
3.037120674491703420e-01
2.239771070910010486e-01
9.108260864655922662e-01
1.389595799722835867e-01
8.924574823601789664e-01
5.231382965627761061e-01
2.384405588980594848e-01
8.032270099255930385e-01
7.182129758826655275e-01
4.798348681319878350e-01
8.380489248114353362e-01
7.483642838297595024e-01
8.373290620674349594e-01
4.399704142777782767e-02
1.569534768197148322e-01
4.631663924361100193e-01
1.382056325761067406e-01
7.679873505153771429e-01
9.481121342084608550e-02
4.337237249044068044e-01
8.173613848571655849e-01
1.833868531764430987e-01
3.455196723836928552e-02
5.890422009057821873e-01
3.856458956308393971e-01
6.205213674148861713e-01
5.576218627675968431e-01
9.788094533994552426e-01
6.404851749958817564e-01
3.168124142877539740e-01
1.803355760199565339e-01
9.838460044475760835e-01
6.343964834512964002e-01
7.542485401184619853e-01
9.860312097871626325e-02
7.091320566426255745e-01
6.340795349715884210e-01
8.420205692373006201e-02
3.051830015228124138e-01
2.176932707010496015e-01
8.631521900503273947e-01
8.396699994326151106e-02
8.577057713297872032e-01
2.429835529930124416e-01
5.657331791111194219e-01
9.692290044940994331e-01
5.312767445870668626e-01
3.847055409350961241e-01
3.021876814284103485e-01
6.262496149847206484e-01
2.780251717449165882e-01
9.774161976888029457e-02
5.210884770432999691e-02
5.566915435316656113e-01
3.864615118948111494e-02
1.603110328677864738e-01
7.661670353022917990e-01
6.083360700019726508e-01
8.861668367311373862e-01
1.730659098115610028e-01
2.658140978998608794e-01
6.843988979563216946e-01
1.320243481862329871e-01
9.772775517318967875e-01
1.400993731299374767e-01
9.247190582982010021e-01
1.369156565239771917e-01
4.497644359512622536e-01
2.126710094761734560e-01
3.876525046929083507e-01
1.456201177740518160e-01
1.991672482536259725e-01
8.414688961805405487e-01
9.200482663541833528e-01
1.545819319110108836e-01
4.748119283469431906e-02
6.434440481279722901e-01
1.704670686815867864e-02
9.757571763000250087e-01
3.375604867606307735e-02
2.901509391393666260e-01
3.531336677056698958e-01
6.882569522787743699e-01
5.698290668772399981e-01
4.052841515136207384e-02
7.673735694610824831e-01
9.125334269963196743e-01
5.978029995455788059e-01
8.517820785794597560e-01
7.999028698649319757e-01
8.466317108636992605e-01
5.518048010014986460e-03
1.788840758145743282e-01
1.671826079528806464e-01
1.673112575793966883e-01
4.341885559031568587e-01
5.930156922499395522e-01
9.582572560043665089e-01
2.169722840045937851e-01
3.637199476604789927e-01
8.964537456945587124e-02
6.938833940348935192e-01
3.883091428069233020e-01
3.691659891051370934e-01
7.816136610799641060e-01
2.307069298388616518e-01
2.004711888406007780e-03
2.360270230725942664e-01
4.843196031256313816e-01
7.718466046705672046e-01
2.514196906611378957e-01
5.725037584338527052e-01
3.752607331649130407e-01
8.884506981250601676e-01
8.313981395941822949e-01
6.464110916452191491e-01
2.665249688562935093e-01
3.605486171698010223e-01
8.333270729688053713e-01
4.959060934705350476e-01
1.188101645924016792e-01
4.268682022453416103e-01
5.137807146603524666e-01
8.274400480598305130e-01
7.165389537166547695e-01
9.075769610172504942e-01
1.324377728058172554e-01
1.980551828891988775e-01
4.730986711343756479e-01
3.340343324362105015e-01
1.282614187134768491e-01
6.846312139877493985e-01
5.485644932041401356e-01
2.266398660413293520e-01
6.115959524990420837e-01
2.174334587541875141e-01
9.640733877024961762e-01
9.222979456748420235e-01
2.201547323544733592e-01
5.015949181453561723e-01
3.582634693139727933e-01
3.077828034856413542e-01
6.385482924889347434e-01
9.607994871273924931e-01
9.019936065048141938e-01
5.818951019502290878e-01
3.426965065249145681e-01
2.640181843626892011e-01
7.367789643878417394e-01
7.880630461054423108e-01
6.715818433766156392e-01
3.368830630171393281e-02
7.570336419504883896e-01
5.645602168340702054e-02
7.884450522823752694e-01
8.049224165763825267e-01
4.914759616612558446e-01
1.214262032934173563e-01
1.357693875363552571e-03
6.633908928273677397e-01
7.638088985779167839e-02
9.579580936167318983e-01
9.918545886961811497e-01
1.250282329512574231e-01
7.830747384503214947e-01
3.903945287183149260e-01
5.991371480387066573e-01
3.157125160191680546e-01
7.877578455284492964e-01
5.842519902169364121e-01
4.979324697836138292e-01
4.332754980241346754e-01
6.637267757741718288e-01
8.044566454294732605e-01
1.999909184405922469e-01
2.044561234598811783e-01
2.499011989477398776e-01
7.198566922934622747e-01
4.703108010762598878e-01
3.307077462559441239e-01
1.056825782820802750e-02
4.616648347276559594e-01
4.219132103625933272e-02
6.764695176643312768e-01
5.553041472799442602e-01
5.739164114142367712e-01
5.789672751413488250e-02
8.423071505386510172e-01
4.184358607296818633e-01
6.891544624188080670e-01
6.540621200018104098e-02
6.802599071563422140e-01
4.585983170467713421e-01
5.431166294259792693e-02
7.249009579077531074e-01
3.123668047341825460e-01
9.464870424417238803e-01
6.086328162581755574e-01
6.380531569073306652e-01
7.878027771503907095e-01
2.100571306430635277e-01
8.763053063642605167e-01
5.860449945350999501e-01
6.094399028405599328e-01
7.377064958347699930e-01
1.588083841947554031e-01
4.749624091326879460e-01
4.962618180409463786e-01
3.475966897770675912e-01
3.481241144295283974e-01
1.550812590063969099e-01
9.389043628102570205e-01
3.789293646317845043e-01
9.771073565518583193e-01
6.589389751127227024e-01
7.582245154137889909e-01
8.951543920342686089e-02
1.142638327368938889e-02
9.553352207958114573e-01
3.477767392708568384e-01
3.374252532113911629e-01
9.834171723212986604e-01
5.450723158115244882e-01
1.421924241007856970e-01
8.028252109226580169e-01
2.130139591085469242e-01
8.121714167811345808e-01
4.215450150684317832e-01
9.835183562941627322e-01
5.718464699836547371e-01
9.349937283232951923e-01
3.622978255024533745e-01
5.727866107632676451e-01
4.523480008052281898e-01
3.609631338484908802e-03
5.236686365636675777e-01
7.417632387880179756e-02
4.841769241222927400e-01
2.557926826108162244e-01
9.361294093153931239e-01
4.308132816670104948e-01
7.983963463820415996e-01
8.404782016146044032e-01
2.966576496352946180e-02
3.976079226488405949e-01
1.928466352035513864e-01
8.242140884836957060e-01
5.871698227863519914e-01
4.165822909176161160e-01
9.454136468771701107e-02
3.250911848631811152e-01
4.770741483865800214e-01
3.111366082740574246e-01
6.903358233978258429e-01
6.595072994679339606e-01
2.417233918868159082e-01
2.956672769416389679e-01
2.011618605391876091e-01
7.780556265714698716e-01
9.633630867944301679e-01
2.466099516457047613e-01
7.796243878637330038e-01
9.726455353538201454e-01
