6.124526295112927565e-01
8.173649933969346915e-01
9.729788302014448220e-01
3.422058004870338621e-01
7.494920179452477793e-01
6.312725672256742637e-01
5.480582177602897342e-01
2.612492998271931377e-03
2.080780456792318267e-01
7.912430097048669397e-01
2.484093838313295999e-01
7.727378872541654786e-01
9.499992679548461272e-01
3.760591840210771863e-01
8.959627838806197841e-01
8.128839507177377799e-01
7.933164886471174571e-01
5.429372949434346785e-01
7.093642496612527770e-01
2.363217151836187746e-01
8.271113091111272908e-01
2.283514380076746564e-01
6.371370167977098431e-01
7.099042327299501798e-01
1.274496851692062949e-01
4.718802740909745497e-01
5.846947727037431486e-01
3.148021971738008684e-01
9.610653436579854603e-01
4.303090663746235167e-01
8.486353220278534115e-01
9.360164920900762020e-01
5.442581092343632410e-01
1.247791411535792427e-02
8.947063369189922621e-01
8.173121913785222903e-01
3.746058462919659160e-01
8.189643881841068840e-02
5.549137775433133912e-01
7.297002366518207106e-01
